   3.4692383e+01   1.3641483e+02   2.9690972e-01
   3.5142312e+01   1.3641473e+02   4.0690972e-01
   3.5669096e+01   1.3640877e+02   5.1202971e-01
   3.6274459e+01   1.3639157e+02   1.4388826e+00
   3.6953525e+01   1.3636677e+02   1.5174910e+00
   3.7715130e+01   1.3632531e+02   1.6361784e+00
   3.8566869e+01   1.3626665e+02   1.6530611e+00
   3.9440210e+01   1.3618224e+02   1.7066842e+00
   4.0335207e+01   1.3607654e+02   1.7201231e+00
   4.1246418e+01   1.3594337e+02   1.7657826e+00
   4.2177912e+01   1.3578624e+02   1.8227100e+00
   4.3127021e+01   1.3560654e+02   1.8521339e+00
   4.4088788e+01   1.3540119e+02   1.9087367e+00
   4.5063699e+01   1.3517332e+02   1.9391942e+00
   4.6048144e+01   1.3492028e+02   1.9767321e+00
   4.7044358e+01   1.3464206e+02   2.0245465e+00
   4.8042105e+01   1.3434280e+02   2.0491962e+00
   4.9031553e+01   1.3402307e+02   2.0963590e+00
   5.0004728e+01   1.3368922e+02   2.0907425e+00
   5.0955327e+01   1.3333775e+02   2.1295401e+00
   5.1889223e+01   1.3297352e+02   2.1573206e+00
   5.2806415e+01   1.3259653e+02   2.1874130e+00
   5.3703807e+01   1.3220948e+02   2.3094570e+00
   5.4581936e+01   1.3181999e+02   2.3366237e+00
   5.5440751e+01   1.3142358e+02   3.0028203e+00
   5.6280358e+01   1.3102918e+02   3.5738460e+00
   5.7101701e+01   1.3064083e+02   4.0632966e+00
   5.7911407e+01   1.3025172e+02   4.4828256e+00
   5.8712682e+01   1.2986808e+02   4.8424220e+00
   5.9510859e+01   1.2948716e+02   5.1506474e+00
   6.0312619e+01   1.2910665e+02   5.4148406e+00
   6.1108587e+01   1.2872799e+02   5.6412920e+00
   6.1898709e+01   1.2834673e+02   5.8353931e+00
   6.2680319e+01   1.2796422e+02   5.3572187e+00
   6.3453765e+01   1.2757242e+02   5.5919017e+00
   6.4223170e+01   1.2717933e+02   5.7930586e+00
   6.4981827e+01   1.2678503e+02   5.9654788e+00
   6.5734180e+01   1.2638723e+02   6.1132675e+00
   6.6477616e+01   1.2599177e+02   6.2399436e+00
   6.7211219e+01   1.2559688e+02   6.3485231e+00
   6.7933644e+01   1.2520212e+02   6.4415912e+00
   6.8644943e+01   1.2481197e+02   6.5213639e+00
   6.9351366e+01   1.2442546e+02   6.5897405e+00
   7.0055204e+01   1.2404703e+02   6.0481292e+00
   7.0762707e+01   1.2367571e+02   5.5406079e+00
   7.1470346e+01   1.2331557e+02   5.0603209e+00
   7.2183050e+01   1.2296745e+02   4.6633629e+00
   7.2903918e+01   1.2262862e+02   4.2903365e+00
   7.3634323e+01   1.2230175e+02   3.9655905e+00
   7.4377391e+01   1.2198635e+02   3.6957094e+00
   7.5128218e+01   1.2168383e+02   3.4379452e+00
   7.5893971e+01   1.2139499e+02   3.1951281e+00
   7.6669801e+01   1.2112571e+02   3.0124677e+00
   7.7457890e+01   1.2087148e+02   2.8507243e+00
   7.8257806e+01   1.2063366e+02   2.7137556e+00
   7.9068662e+01   1.2041271e+02   2.5994049e+00
   7.9894470e+01   1.2020767e+02   2.5174127e+00
   8.0732537e+01   1.2001769e+02   2.4679762e+00
   8.1585071e+01   1.1984050e+02   2.4295791e+00
   8.2448059e+01   1.1967705e+02   2.4043958e+00
   8.3319265e+01   1.1952736e+02   2.3724621e+00
   8.4195133e+01   1.1939328e+02   2.3400335e+00
   8.5073885e+01   1.1927570e+02   2.3461061e+00
   8.5955036e+01   1.1917152e+02   2.2966701e+00
   8.6838210e+01   1.1908654e+02   2.2861416e+00
   8.7721573e+01   1.1901721e+02   2.2560214e+00
   8.8605155e+01   1.1896577e+02   2.2566906e+00
   8.9480872e+01   1.1892963e+02   2.2074459e+00
   9.0351472e+01   1.1891413e+02   2.1592573e+00
   9.1213832e+01   1.1891974e+02   2.1110433e+00
   9.2067062e+01   1.1894694e+02   2.0465530e+00
   9.2914341e+01   1.1899970e+02   2.0163151e+00
   9.3752922e+01   1.1907269e+02   1.9608343e+00
   9.4581968e+01   1.1917085e+02   1.9283723e+00
   9.5401885e+01   1.1929058e+02   1.8824543e+00
   9.6214505e+01   1.1943545e+02   1.8329931e+00
   9.7019853e+01   1.1960769e+02   1.8158387e+00
   9.7819655e+01   1.1980191e+02   1.7832943e+00
   9.8618894e+01   1.2002342e+02   1.7875745e+00
   9.9416600e+01   1.2026597e+02   1.7938393e+00
   1.0021547e+02   1.2053042e+02   1.7990291e+00
   1.0101730e+02   1.2081810e+02   1.8272202e+00
   1.0182027e+02   1.2112543e+02   1.8511609e+00
   1.0262617e+02   1.2145375e+02   1.8861713e+00
   1.0343275e+02   1.2180085e+02   1.9552409e+00
   1.0424491e+02   1.2216532e+02   2.0247057e+00
   1.0505499e+02   1.2254324e+02   2.1241266e+00
   1.0586117e+02   1.2293104e+02   2.1553007e+00
   1.0666485e+02   1.2333363e+02   2.2241569e+00
   1.0746373e+02   1.2374657e+02   2.2927439e+00
   1.0826052e+02   1.2417071e+02   2.3584796e+00
   1.0905655e+02   1.2460649e+02   2.4749751e+00
   1.0985134e+02   1.2505078e+02   2.5856531e+00
   1.1064624e+02   1.2550402e+02   3.2162741e+00
   1.1144168e+02   1.2596485e+02   3.7568063e+00
   1.1223895e+02   1.2642924e+02   4.2201197e+00
   1.1303851e+02   1.2689808e+02   4.6172455e+00
   1.1384034e+02   1.2736912e+02   4.9576390e+00
   1.1464758e+02   1.2784412e+02   5.2494048e+00
   1.1545840e+02   1.2831953e+02   5.4994899e+00
   1.1627009e+02   1.2879224e+02   5.7138484e+00
   1.1708665e+02   1.2926131e+02   5.8975844e+00
   1.1790539e+02   1.2972589e+02   6.0550723e+00
   1.1872674e+02   1.3018462e+02   5.6857446e+00
   1.1955160e+02   1.3063705e+02   5.8734954e+00
   1.2037416e+02   1.3108503e+02   6.0344246e+00
   1.2119799e+02   1.3152673e+02   6.1723640e+00
   1.2202309e+02   1.3196216e+02   6.2905977e+00
   1.2284902e+02   1.3239265e+02   6.3919409e+00
   1.2367673e+02   1.3282224e+02   6.4788065e+00
   1.2450843e+02   1.3324864e+02   6.5532627e+00
   1.2534098e+02   1.3367235e+02   6.6170823e+00
   1.2617397e+02   1.3409471e+02   6.6717848e+00
   1.2700467e+02   1.3451262e+02   6.7186727e+00
   1.2783305e+02   1.3492386e+02   6.7588623e+00
   1.2865865e+02   1.3532753e+02   6.7933106e+00
   1.2949091e+02   1.3572664e+02   6.2491837e+00
   1.3032799e+02   1.3611764e+02   5.8237783e+00
   1.3117396e+02   1.3650407e+02   5.9918100e+00
   1.3201942e+02   1.3688513e+02   5.4238393e+00
   1.3288303e+02   1.3725121e+02   5.6490051e+00
   1.3373225e+02   1.3761121e+02   5.2268751e+00
   1.3458762e+02   1.3796129e+02   4.7992598e+00
   1.3544546e+02   1.3829435e+02   4.4599836e+00
   1.3630761e+02   1.3861394e+02   4.8228431e+00
   1.3716518e+02   1.3892463e+02   4.4411900e+00
   1.3802477e+02   1.3921742e+02   4.8067343e+00
   1.3886677e+02   1.3949789e+02   4.3694014e+00
   1.3971922e+02   1.3975498e+02   4.1169827e+00
   1.4055132e+02   1.3999443e+02   3.7680084e+00
   1.4138041e+02   1.4020619e+02   3.5561796e+00
   1.4220125e+02   1.4040194e+02   3.3034131e+00
   1.4302182e+02   1.4057534e+02   3.1294276e+00
   1.4383323e+02   1.4073095e+02   2.9312231e+00
   1.4464436e+02   1.4086421e+02   2.7332579e+00
   1.4546412e+02   1.4097053e+02   2.7485060e+00
   1.4627929e+02   1.4106796e+02   2.6383663e+00
   1.4708530e+02   1.4114761e+02   2.6145664e+00
   1.4790909e+02   1.4121810e+02   2.5784047e+00
   1.4871484e+02   1.4127539e+02   2.5193826e+00
   1.4952488e+02   1.4131921e+02   3.1594708e+00
   1.5033493e+02   1.4136304e+02   3.7081179e+00
   1.5114498e+02   1.4140686e+02   4.1783867e+00
   1.5196392e+02   1.4144610e+02   4.5814743e+00
   1.5278286e+02   1.4148534e+02   4.2419244e+00
   1.5360611e+02   1.4151111e+02   4.6359352e+00
   1.5442046e+02   1.4154147e+02   4.3662990e+00
   1.5523940e+02   1.4158071e+02   4.1349483e+00
   1.5605376e+02   1.4161106e+02   3.8556004e+00
   1.5686381e+02   1.4165488e+02   4.3048003e+00
   1.5768275e+02   1.4169412e+02   4.0858412e+00
   1.5850627e+02   1.4174225e+02   4.5021496e+00
   1.5932979e+02   1.4179039e+02   4.8589854e+00
   1.6014442e+02   1.4184310e+02   4.5611508e+00
   1.6096363e+02   1.4190470e+02   4.1734760e+00
   1.6176964e+02   1.4198435e+02   3.8209667e+00
   1.6257592e+02   1.4208636e+02   3.6777320e+00
   1.6338679e+02   1.4219726e+02   3.4109201e+00
   1.6418445e+02   1.4232621e+02   3.1681624e+00
   1.6498239e+02   1.4247752e+02   3.7155678e+00
   1.6578491e+02   1.4263771e+02   3.4025905e+00
   1.6657881e+02   1.4282485e+02   3.2322359e+00
   1.6735494e+02   1.4302115e+02   3.0155044e+00
   1.6813133e+02   1.4323981e+02   2.8323631e+00
   1.6889453e+02   1.4347651e+02   2.6719089e+00
   1.6964453e+02   1.4373127e+02   2.5883501e+00
   1.7039022e+02   1.4399950e+02   2.5170125e+00
   1.7113160e+02   1.4428120e+02   2.4563906e+00
   1.7186867e+02   1.4457636e+02   2.3546489e+00
   1.7260601e+02   1.4489389e+02   2.2330024e+00
   1.7333474e+02   1.4523836e+02   2.1708150e+00
   1.7406374e+02   1.4560518e+02   2.2022355e+00
   1.7480190e+02   1.4598979e+02   2.1117765e+00
   1.7553144e+02   1.4640133e+02   2.1086826e+00
   1.7627473e+02   1.4683954e+02   2.0412095e+00
   1.7700939e+02   1.4730469e+02   2.0368318e+00
   1.7774433e+02   1.4779220e+02   2.0087704e+00
   1.7848412e+02   1.4831096e+02   1.9922230e+00
   1.7921072e+02   1.4884776e+02   2.0136935e+00
   1.7993758e+02   1.4940693e+02   2.0006743e+00
   1.8065125e+02   1.4998415e+02   1.9899664e+00
   1.8135172e+02   1.5057942e+02   2.7056855e+00
   1.8205677e+02   1.5118357e+02   2.5977818e+00
   1.8274862e+02   1.5180578e+02   2.5553244e+00
   1.8344074e+02   1.5245035e+02   2.6255257e+00
   1.8412397e+02   1.5309949e+02   3.2504506e+00
   1.8481179e+02   1.5375753e+02   3.1656159e+00
   1.8549529e+02   1.5442904e+02   3.0593051e+00
   1.8617907e+02   1.5512290e+02   3.6222615e+00
   1.8686285e+02   1.5581676e+02   3.6775728e+00
   1.8755579e+02   1.5652841e+02   3.6926007e+00
   1.8823526e+02   1.5723574e+02   3.5243043e+00
   1.8891500e+02   1.5796544e+02   4.0208323e+00
   1.8959932e+02   1.5870402e+02   3.9045201e+00
   1.9027475e+02   1.5944718e+02   3.7547774e+00
   1.9094587e+02   1.6020382e+02   4.2183806e+00
   1.9162158e+02   1.6096934e+02   4.6157548e+00
   1.9230186e+02   1.6174375e+02   4.4239796e+00
   1.9297326e+02   1.6252274e+02   4.7919825e+00
   1.9364923e+02   1.6331062e+02   4.6421347e+00
   1.9431174e+02   1.6409420e+02   4.6220788e+00
   1.9499229e+02   1.6489097e+02   4.9617818e+00
   1.9567285e+02   1.6568774e+02   5.2529559e+00
   1.9635341e+02   1.6648451e+02   5.5025336e+00
   1.9703854e+02   1.6729017e+02   5.2683879e+00
   1.9773715e+02   1.6810014e+02   5.0679769e+00
   1.9842229e+02   1.6890580e+02   5.3439802e+00
   1.9911200e+02   1.6972035e+02   5.5805545e+00
   1.9979714e+02   1.7052601e+02   5.7833324e+00
   2.0048228e+02   1.7133167e+02   5.9571421e+00
   2.0116283e+02   1.7212844e+02   6.1061218e+00
   2.0184339e+02   1.7292521e+02   5.7080731e+00
   2.0251505e+02   1.7372656e+02   5.8926341e+00
   2.0318214e+02   1.7451902e+02   5.5896113e+00
   2.0386270e+02   1.7531579e+02   5.3296000e+00
   2.0452978e+02   1.7610825e+02   5.5682286e+00
   2.0519687e+02   1.7690071e+02   5.7727674e+00
   2.0586396e+02   1.7769318e+02   5.4182577e+00
   2.0653993e+02   1.7848106e+02   5.6442209e+00
   2.0721591e+02   1.7926894e+02   5.8379036e+00
   2.0789188e+02   1.8005682e+02   5.4754499e+00
   2.0857675e+02   1.8084012e+02   5.2430431e+00
   2.0927508e+02   1.8162773e+02   5.4940370e+00
   2.0997342e+02   1.8241534e+02   5.1342120e+00
   2.1067606e+02   1.8318948e+02   5.4007532e+00
   2.1137870e+02   1.8396362e+02   5.1060332e+00
   2.1209023e+02   1.8473318e+02   5.3765999e+00
   2.1280177e+02   1.8550274e+02   5.0292410e+00
   2.1351761e+02   1.8625883e+02   5.3107780e+00
   2.1423345e+02   1.8701492e+02   5.5520954e+00
   2.1494929e+02   1.8777101e+02   5.7589389e+00
   2.1566055e+02   1.8851821e+02   5.3485696e+00
   2.1637612e+02   1.8925194e+02   5.5844882e+00
   2.1709627e+02   1.8999456e+02   5.7867042e+00
   2.1781184e+02   1.9072829e+02   5.2680456e+00
   2.1854061e+02   1.9144397e+02   4.9833818e+00
   2.1926049e+02   1.9216423e+02   4.5773133e+00
   2.1999356e+02   1.9286644e+02   4.9234114e+00
   2.2072206e+02   1.9355976e+02   4.7989749e+00
   2.2146402e+02   1.9425739e+02   4.4186787e+00
   2.2221919e+02   1.9493697e+02   4.2589211e+00
   2.2298324e+02   1.9561197e+02   4.1243396e+00
   2.2375618e+02   1.9628239e+02   3.8729705e+00
   2.2454690e+02   1.9694365e+02   4.3196890e+00
   2.2533762e+02   1.9760490e+02   4.0111136e+00
   2.2614154e+02   1.9824811e+02   3.9216582e+00
   2.2695435e+02   1.9888674e+02   3.7617125e+00
   2.2777146e+02   1.9951189e+02   3.7100833e+00
   2.2859747e+02   2.0013247e+02   3.5788025e+00
   2.2942778e+02   2.0073958e+02   3.3753045e+00
   2.3027129e+02   2.0132863e+02   3.3843447e+00
   2.3112370e+02   2.0191311e+02   3.2103686e+00
   2.3198930e+02   2.0247953e+02   3.7517445e+00
   2.3285489e+02   2.0304596e+02   3.4797073e+00
   2.3374258e+02   2.0358975e+02   3.3791981e+00
   2.3463458e+02   2.0412008e+02   3.2557216e+00
   2.3554435e+02   2.0464124e+02   3.1888327e+00
   2.3645843e+02   2.0514894e+02   3.0027646e+00
   2.3739460e+02   2.0563400e+02   2.9462387e+00
   2.3834855e+02   2.0610990e+02   2.9282246e+00
   2.3930681e+02   2.0657233e+02   2.7413532e+00
   2.4027799e+02   2.0699436e+02   2.6716077e+00
   2.4126237e+02   2.0739833e+02   2.6143341e+00
   2.4225995e+02   2.0778425e+02   2.5254044e+00
   2.4326615e+02   2.0814323e+02   2.4927155e+00
   2.4428554e+02   2.0848417e+02   2.4225348e+00
   2.4531355e+02   2.0879816e+02   2.4044351e+00
   2.4634129e+02   2.0908979e+02   2.4632945e+00
   2.4737334e+02   2.0936796e+02   2.4443376e+00
   2.4841859e+02   2.0962807e+02   2.4215722e+00
   2.4946357e+02   2.0986582e+02   2.3618837e+00
   2.5051716e+02   2.1007664e+02   3.0244717e+00
   2.5156617e+02   2.1027857e+02   3.5924043e+00
   2.5261060e+02   2.1047160e+02   3.3991901e+00
   2.5365476e+02   2.1064228e+02   3.9135915e+00
   2.5469892e+02   2.1081296e+02   3.7248276e+00
   2.5573392e+02   2.1096586e+02   4.1927094e+00
   2.5677781e+02   2.1111418e+02   3.9601044e+00
   2.5781253e+02   2.1124472e+02   4.3943752e+00
   2.5884726e+02   2.1137526e+02   4.2085817e+00
   2.5986394e+02   2.1149260e+02   4.6073557e+00
   2.6088950e+02   2.1160536e+02   4.9491620e+00
   2.6190618e+02   2.1172270e+02   4.6317060e+00
   2.6292716e+02   2.1182657e+02   4.9700337e+00
   2.6395273e+02   2.1193934e+02   5.2600289e+00
   2.6498287e+02   2.1206099e+02   4.9032916e+00
   2.6601733e+02   2.1216917e+02   4.5975345e+00
   2.6704748e+02   2.1229082e+02   4.9407438e+00
   2.6808651e+02   2.1240789e+02   5.2349233e+00
   2.6911208e+02   2.1252065e+02   5.4870771e+00
   2.7016000e+02   2.1263314e+02   5.7032090e+00
   2.7119904e+02   2.1275021e+02   5.2865764e+00
   2.7224238e+02   2.1285381e+02   4.9294628e+00
   2.7328142e+02   2.1297088e+02   4.6233654e+00
   2.7432476e+02   2.1307448e+02   4.9628846e+00
   2.7535922e+02   2.1318266e+02   4.6502721e+00
   2.7639798e+02   2.1327737e+02   4.9859475e+00
   2.7744132e+02   2.1338097e+02   4.7080984e+00
   2.7846662e+02   2.1347138e+02   5.0355129e+00
   2.7950538e+02   2.1356609e+02   4.7125249e+00
   2.8053984e+02   2.1367427e+02   4.4356780e+00
   2.8157860e+02   2.1376898e+02   4.8020097e+00
   2.8262194e+02   2.1387258e+02   5.1160083e+00
   2.8366987e+02   2.1398507e+02   5.3851500e+00
   2.8471779e+02   2.1409756e+02   5.6158429e+00
   2.8576572e+02   2.1421005e+02   5.8135796e+00
   2.8681822e+02   2.1433143e+02   5.9830682e+00
   2.8787073e+02   2.1445281e+02   6.1283442e+00
   2.8892323e+02   2.1457419e+02   6.2528665e+00
   2.8996685e+02   2.1470015e+02   6.3595998e+00
   2.9101046e+02   2.1482611e+02   6.4510856e+00
   2.9204519e+02   2.1495665e+02   6.5295019e+00
   2.9307992e+02   2.1508719e+02   6.5967159e+00
   2.9411464e+02   2.1521773e+02   6.6543279e+00
   2.9512701e+02   2.1534854e+02   6.7037097e+00
   2.9613049e+02   2.1548393e+02   6.1292938e+00
   2.9712966e+02   2.1563279e+02   6.2536804e+00
   2.9812425e+02   2.1577277e+02   5.7404209e+00
   2.9911453e+02   2.1592621e+02   5.9203608e+00
   3.0009592e+02   2.1608423e+02   6.0745949e+00
   3.0109078e+02   2.1624656e+02   6.2067957e+00
   3.0209022e+02   2.1641779e+02   6.3201106e+00
   3.0309424e+02   2.1659790e+02   6.4172376e+00
   3.0408938e+02   2.1678259e+02   6.5004894e+00
   3.0509798e+02   2.1697159e+02   6.5718481e+00
   3.0610658e+02   2.1716059e+02   6.6330126e+00
   3.0712866e+02   2.1735390e+02   6.6854394e+00
   3.0814615e+02   2.1753831e+02   6.7303766e+00
   3.0916364e+02   2.1772273e+02   6.7688942e+00
   3.1019002e+02   2.1790257e+02   6.8019094e+00
   3.1121182e+02   2.1807352e+02   6.8302080e+00
   3.1222473e+02   2.1824905e+02   6.2436740e+00
   3.1324195e+02   2.1841111e+02   6.3517206e+00
   3.1424570e+02   2.1856886e+02   6.4443319e+00
   3.1524945e+02   2.1872662e+02   6.5237131e+00
   3.1624862e+02   2.1887548e+02   6.0049628e+00
   3.1723001e+02   2.1903350e+02   6.1471110e+00
   3.1820682e+02   2.1918263e+02   5.6718900e+00
   3.1916586e+02   2.1934093e+02   5.2288437e+00
   3.2012058e+02   2.1951269e+02   4.8704456e+00
   3.2105752e+02   2.1969362e+02   5.1746676e+00
   3.2199905e+02   2.1988344e+02   4.8153958e+00
   3.2292280e+02   2.2008241e+02   5.1274821e+00
   3.2385112e+02   2.2029028e+02   5.3949847e+00
   3.2478403e+02   2.2050703e+02   4.9747763e+00
   3.2572610e+02   2.2074157e+02   5.2640940e+00
   3.2665928e+02   2.2098068e+02   4.8682764e+00
   3.2760162e+02   2.2123757e+02   5.1728084e+00
   3.2853938e+02   2.2148557e+02   5.4338357e+00
   3.2949519e+02   2.2174678e+02   5.6575735e+00
   3.3045989e+02   2.2200340e+02   5.8493487e+00
   3.3143348e+02   2.2225544e+02   6.0137275e+00
   3.3241165e+02   2.2251637e+02   5.5358397e+00
   3.3339413e+02   2.2276382e+02   5.7450055e+00
   3.3439008e+02   2.2301559e+02   5.9242904e+00
   3.3537256e+02   2.2326305e+02   5.4598432e+00
   3.3635934e+02   2.2349704e+02   5.6798656e+00
   3.3733266e+02   2.2372672e+02   5.8684562e+00
   3.3831487e+02   2.2395182e+02   5.4095993e+00
   3.3929277e+02   2.2419039e+02   5.6367994e+00
   3.4027955e+02   2.2442438e+02   5.2134223e+00
   3.4126203e+02   2.2467184e+02   5.4686477e+00
   3.4224451e+02   2.2491930e+02   5.6874123e+00
   3.4322699e+02   2.2516676e+02   5.8749248e+00
   3.4421405e+02   2.2542311e+02   6.0356499e+00
   3.4520111e+02   2.2567946e+02   5.5508385e+00
   3.4619733e+02   2.2595359e+02   5.7578616e+00
   3.4719355e+02   2.2622771e+02   5.9353099e+00
   3.4820324e+02   2.2650615e+02   5.4777709e+00
   3.4922209e+02   2.2680236e+02   5.0947773e+00
   3.5024525e+02   2.2708511e+02   4.7664970e+00
   3.5126410e+02   2.2738132e+02   5.0855688e+00
   3.5229184e+02   2.2767296e+02   5.3590590e+00
   3.5331958e+02   2.2796459e+02   5.5934791e+00
   3.5433385e+02   2.2825191e+02   5.7944107e+00
   3.5535270e+02   2.2854813e+02   5.9666377e+00
   3.5636697e+02   2.2883545e+02   5.5107563e+00
   3.5737693e+02   2.2913625e+02   5.7235054e+00
   3.5837800e+02   2.2944162e+02   5.9058617e+00
   3.5937449e+02   2.2973811e+02   5.4533583e+00
   3.6036668e+02   2.3004807e+02   5.6743071e+00
   3.6134539e+02   2.3035371e+02   5.8636918e+00
   3.6232868e+02   2.3066825e+02   6.0260215e+00
   3.6329851e+02   2.3097848e+02   5.5442700e+00
   3.6425055e+02   2.3129787e+02   5.7522314e+00
   3.6522065e+02   2.3163045e+02   5.9304841e+00
   3.6618617e+02   2.3195415e+02   5.4664662e+00
   3.6714737e+02   2.3229132e+02   5.6855424e+00
   3.6810858e+02   2.3262849e+02   5.8733221e+00
   3.6906979e+02   2.3296565e+02   6.0342761e+00
   3.7003099e+02   2.3330282e+02   6.1722366e+00
   3.7099220e+02   2.3363999e+02   5.6835492e+00
   3.7196257e+02   2.3399493e+02   5.8716136e+00
   3.7293293e+02   2.3434988e+02   6.0328117e+00
   3.7390330e+02   2.3470482e+02   6.1709814e+00
   3.7488256e+02   2.3505519e+02   6.2894127e+00
   3.7584835e+02   2.3540125e+02   6.3909251e+00
   3.7681413e+02   2.3574730e+02   6.4779358e+00
   3.7777992e+02   2.3609336e+02   6.5525164e+00
   3.7875918e+02   2.3644373e+02   6.6164426e+00
   3.7973385e+02   2.3678520e+02   6.6712366e+00
   3.8071742e+02   2.3712210e+02   6.7182028e+00
   3.8169210e+02   2.3746357e+02   6.7584595e+00
   3.8266219e+02   2.3779616e+02   6.1787512e+00
   3.8363660e+02   2.3811528e+02   6.2960724e+00
   3.8460211e+02   2.3843897e+02   6.3966335e+00
   3.8556763e+02   2.3876267e+02   6.4828287e+00
   3.8652856e+02   2.3907748e+02   6.5567103e+00
   3.8748492e+02   2.3938340e+02   5.9978029e+00
   3.8843696e+02   2.3970279e+02   5.5173912e+00
   3.8937985e+02   2.4000440e+02   5.7291924e+00
   3.9032273e+02   2.4030601e+02   5.9107364e+00
   3.9124756e+02   2.4059442e+02   6.0663455e+00
   3.9216351e+02   2.4088741e+02   6.1997247e+00
   3.9306140e+02   2.4116721e+02   6.3140497e+00
   3.9395930e+02   2.4144700e+02   5.6996448e+00
   3.9484400e+02   2.4174485e+02   5.8854098e+00
   3.9571522e+02   2.4203839e+02   6.0446370e+00
   3.9657298e+02   2.4232761e+02   5.4522925e+00
   3.9740407e+02   2.4263058e+02   5.6733936e+00
   3.9822169e+02   2.4292924e+02   5.1205592e+00
   3.9901264e+02   2.4324165e+02   4.7952939e+00
   3.9978123e+02   2.4355432e+02   4.5339515e+00
   4.0054094e+02   2.4387157e+02   4.3045414e+00
   4.0129175e+02   2.4419341e+02   4.0665402e+00
   4.0202021e+02   2.4451552e+02   3.8872995e+00
   4.0273977e+02   2.4484220e+02   4.3319710e+00
   4.0344129e+02   2.4515569e+02   4.7131180e+00
   4.0414280e+02   2.4546918e+02   4.4266240e+00
   4.0483543e+02   2.4578725e+02   4.7942492e+00
   4.0552806e+02   2.4610532e+02   4.4648526e+00
   4.0624304e+02   2.4642312e+02   4.2258081e+00
   4.0696692e+02   2.4673634e+02   4.6221213e+00
   4.0769537e+02   2.4705845e+02   4.3384009e+00
   4.0844619e+02   2.4738028e+02   4.0164426e+00
   4.0921478e+02   2.4769295e+02   3.8715324e+00
   4.0999226e+02   2.4800105e+02   3.5717766e+00
   4.1079641e+02   2.4829540e+02   3.3837113e+00
   4.1160487e+02   2.4857628e+02   3.1648520e+00
   4.1244000e+02   2.4884342e+02   3.0426870e+00
   4.1327943e+02   2.4909709e+02   2.8415004e+00
   4.1412748e+02   2.4932382e+02   2.6696418e+00
   4.1498415e+02   2.4952362e+02   2.5541420e+00
   4.1584055e+02   2.4970105e+02   2.3751085e+00
   4.1669641e+02   2.4983376e+02   2.2960362e+00
   4.1755199e+02   2.4994412e+02   2.1766513e+00
   4.1838925e+02   2.5001892e+02   2.0934217e+00
   4.1923513e+02   2.5006678e+02   2.0270272e+00
   4.2006726e+02   2.5008797e+02   1.9476133e+00
   4.2089455e+02   2.5007791e+02   1.9440230e+00
   4.2171267e+02   2.5005008e+02   1.8861333e+00
   4.2251705e+02   2.4999557e+02   1.8317795e+00
   4.2330769e+02   2.4991440e+02   1.8289459e+00
   4.2408917e+02   2.4981545e+02   1.7756398e+00
   4.2485691e+02   2.4968983e+02   1.7729325e+00
   4.2561548e+02   2.4954644e+02   1.7677470e+00
   4.2636490e+02   2.4938526e+02   1.7229804e+00
   4.2709168e+02   2.4920200e+02   1.8159504e+00
   4.2781389e+02   2.4900985e+02   1.7506856e+00
   4.2852235e+02   2.4879103e+02   1.7450588e+00
   4.2921276e+02   2.4855902e+02   1.7268120e+00
   4.2989401e+02   2.4830922e+02   1.8247058e+00
   4.3056179e+02   2.4805512e+02   1.7903212e+00
   4.3122041e+02   2.4778324e+02   1.7600489e+00
   4.3186987e+02   2.4749358e+02   1.8268768e+00
   4.3251475e+02   2.4719503e+02   1.7906822e+00
   4.3315047e+02   2.4687870e+02   1.8524949e+00
   4.3378160e+02   2.4655348e+02   1.9022509e+00
   4.3439927e+02   2.4622395e+02   1.9496157e+00
   4.3502125e+02   2.4588096e+02   2.6710992e+00
   4.3563433e+02   2.4554254e+02   2.5153794e+00
   4.3624715e+02   2.4518177e+02   2.4744634e+00
   4.3685538e+02   2.4481210e+02   2.3601906e+00
   4.3747223e+02   2.4441550e+02   2.3650666e+00
   4.3808477e+02   2.4403237e+02   2.2566145e+00
   4.3868816e+02   2.4363145e+02   2.9342410e+00
   4.3929154e+02   2.4323054e+02   3.5150637e+00
   4.3990381e+02   2.4282505e+02   3.3229593e+00
   4.4050261e+02   2.4241525e+02   3.8482508e+00
   4.4111919e+02   2.4199629e+02   3.6595547e+00
   4.4174008e+02   2.4156385e+02   3.4774074e+00
   4.4235639e+02   2.4112253e+02   3.3212367e+00
   4.4297727e+02   2.4069010e+02   3.8467743e+00
   4.4358927e+02   2.4026225e+02   4.2972351e+00
   4.4421016e+02   2.3982982e+02   4.6833444e+00
   4.4482216e+02   2.3940196e+02   4.3505313e+00
   4.4542958e+02   2.3896522e+02   4.0651230e+00
   4.4604158e+02   2.3853737e+02   3.8493937e+00
   4.4665789e+02   2.3809605e+02   3.6644828e+00
   4.4726989e+02   2.3766820e+02   3.4532994e+00
   4.4786842e+02   2.3723604e+02   3.2917561e+00
   4.4847152e+02   2.3681277e+02   3.8215052e+00
   4.4908352e+02   2.3638491e+02   4.2755759e+00
   4.4968663e+02   2.3596164e+02   4.6647794e+00
   4.5030752e+02   2.3552921e+02   4.2382485e+00
   4.5093757e+02   2.3511456e+02   4.6327844e+00
   4.5157651e+02   2.3469532e+02   4.9709581e+00
   4.5222434e+02   2.3427151e+02   4.5060174e+00
   4.5288133e+02   2.3386547e+02   4.1986303e+00
   4.5355179e+02   2.3346374e+02   3.8445196e+00
   4.5424030e+02   2.3307522e+02   4.2953025e+00
   4.5493769e+02   2.3268210e+02   3.8890338e+00
   4.5565772e+02   2.3231108e+02   3.7025702e+00
   4.5640011e+02   2.3193979e+02   3.5452651e+00
   4.5714708e+02   2.3157738e+02   3.3016726e+00
   4.5790321e+02   2.3123275e+02   3.2283521e+00
   4.5868170e+02   2.3088786e+02   3.0309505e+00
   4.5946046e+02   2.3056532e+02   3.5979576e+00
   4.6024811e+02   2.3023820e+02   3.3629181e+00
   4.6105381e+02   2.2992427e+02   3.2294209e+00
   4.6184631e+02   2.2962840e+02   3.0273051e+00
   4.6263908e+02   2.2935489e+02   2.9446936e+00
   4.6342755e+02   2.2909485e+02   2.8445312e+00
   4.6420282e+02   2.2885285e+02   2.7479881e+00
   4.6496489e+02   2.2862891e+02   2.6336174e+00
   4.6570487e+02   2.2842760e+02   2.5038360e+00
   4.6645401e+02   2.2824406e+02   2.3533244e+00
   4.6718565e+02   2.2809205e+02   2.3586851e+00
   4.6792187e+02   2.2794893e+02   2.2471901e+00
   4.6865835e+02   2.2782816e+02   2.1499881e+00
   4.6939512e+02   2.2772976e+02   2.8428469e+00
   4.7013188e+02   2.2763135e+02   2.6422820e+00
   4.7086002e+02   2.2755988e+02   2.6054877e+00
   4.7159274e+02   2.2749731e+02   2.4772135e+00
   4.7233463e+02   2.2745251e+02   2.4724285e+00
   4.7308109e+02   2.2741660e+02   2.4712265e+00
   4.7383214e+02   2.2738958e+02   3.1181942e+00
   4.7459665e+02   2.2736687e+02   3.0345696e+00
   4.7536575e+02   2.2735305e+02   2.8313085e+00
   4.7613512e+02   2.2736158e+02   3.4268359e+00
   4.7691796e+02   2.2737443e+02   3.2512390e+00
   4.7771884e+02   2.2740047e+02   3.1719162e+00
   4.7852431e+02   2.2743541e+02   3.0115684e+00
   4.7936130e+02   2.2748784e+02   3.5813444e+00
   4.8021176e+02   2.2754459e+02   3.4836891e+00
   4.8106680e+02   2.2761023e+02   3.3079211e+00
   4.8195336e+02   2.2769337e+02   3.8353609e+00
   4.8283992e+02   2.2777652e+02   4.2874522e+00
   4.8375342e+02   2.2786828e+02   3.9949790e+00
   4.8467608e+02   2.2797782e+02   4.4242677e+00
   4.8560763e+02   2.2808278e+02   4.7922295e+00
   4.8654375e+02   2.2819663e+02   5.1076253e+00
   4.8750224e+02   2.2831021e+02   5.3779645e+00
   4.8846073e+02   2.2842378e+02   5.6096839e+00
   4.8942380e+02   2.2854625e+02   5.2214297e+00
   4.9040465e+02   2.2865955e+02   4.8515132e+00
   4.9138980e+02   2.2875939e+02   5.1584399e+00
   4.9237954e+02   2.2886811e+02   4.7200544e+00
   4.9336901e+02   2.2895448e+02   5.0457609e+00
   4.9436736e+02   2.2903627e+02   5.3249379e+00
   4.9535225e+02   2.2911374e+02   4.9420757e+00
   4.9634144e+02   2.2917775e+02   4.5721271e+00
   4.9732147e+02   2.2922398e+02   4.9189661e+00
   4.9830150e+02   2.2927020e+02   4.5931037e+00
   4.9928584e+02   2.2930296e+02   4.2316108e+00
   5.0026991e+02   2.2931336e+02   4.6270950e+00
   5.0125398e+02   2.2932376e+02   4.3460820e+00
   5.0224236e+02   2.2932069e+02   4.7252131e+00
   5.0323074e+02   2.2931762e+02   4.4326976e+00
   5.0422342e+02   2.2930108e+02   4.7994551e+00
   5.0521153e+02   2.2927565e+02   5.1138186e+00
   5.0622199e+02   2.2924995e+02   4.6858473e+00
   5.0723219e+02   2.2920189e+02   5.0164406e+00
   5.0825127e+02   2.2914925e+02   5.2998062e+00
   5.0927035e+02   2.2909661e+02   5.5426910e+00
   5.1030721e+02   2.2903481e+02   5.7508780e+00
   5.1133949e+02   2.2896412e+02   5.3345358e+00
   5.1237608e+02   2.2887995e+02   5.5724592e+00
   5.1341267e+02   2.2879579e+02   5.7763936e+00
   5.1444468e+02   2.2870274e+02   5.9511945e+00
   5.1548558e+02   2.2860511e+02   6.1010239e+00
   5.1652190e+02   2.2849859e+02   5.5692500e+00
   5.1754905e+02   2.2837429e+02   5.7736429e+00
   5.1858079e+02   2.2825888e+02   5.2869995e+00
   5.1960336e+02   2.2812570e+02   5.5317139e+00
   5.2062136e+02   2.2798362e+02   5.7414690e+00
   5.2163935e+02   2.2784154e+02   5.9212592e+00
   5.2265277e+02   2.2769058e+02   5.4840606e+00
   5.2367049e+02   2.2752614e+02   5.1134903e+00
   5.2469252e+02   2.2734824e+02   5.3829917e+00
   5.2571456e+02   2.2717033e+02   4.9272463e+00
  